000
000
000
000
000
000
000
000
000
000
000
000
000
000
000
000
000
000
xx0
x00
xx0
010
100
100
100
100
010
100
010
010
000
010
010
000
100
000
100
000
010
010
000
100
110
000
110
100
000
010
100
100
010
110
000
000
110
100
000
010
100
100
100
000
110
110
010
100
010
110
000
000
000
110
100
110
110
010
010
110
000
000
000
110
010
100
100
100
010
110
110
010
100
010
110
110
010
010
000
010
010
000
010
100
010
000
010
010
110
000
000
110
010
010
110
110
010
100
100
100
010
000
010
100
010
110
000
000
000
000
000
110
010
100
100
100
010
000
010
010
110
110
010
010
000
010
100
100
010
110
000
110
101
000
000
000
000
000
000
000
000
000
000
000
000
000
000
000
000
000
000
000
110
100
110
000
110
100
110
110
010
010
110
000
110
010
010
110
000
110
010
010
110
000
110
100
110
110
100
110
000
110
100
000
010
010
110
000
000
110
100
110
000
000
110
010
100
010
000
010
100
010
110
110
010
100
100
100
010
000
010
010
110
000
000
110
010
010
110
110
100
110
110
100
110
110
100
110
110
010
100
010
110
000
110
100
110
110
